[lib] >> Debug ecc:
 {
  h: Buffer(32) [ 92 3 229 70 78 207 39 151 26 208 25 48 249 118 124 25 225 162 113 196 210 187 69 103 60 47 2 183 189 95 62 111 ],
  d: Buffer(32) [ 150 242 4 66 170 23 238 166 190 165 203 165 126 43 103 223 224 82 119 207 80 161 141 147 109 100 24 140 92 80 238 58 ],
  e: Buffer(32) [ 0 0 0 0 0 0 0 0 0 0 0 0 0 0 0 0 0 0 0 0 0 0 0 0 0 0 0 0 0 0 0 0 ],
}

[lib] >> ECPairFactory: hash: Buffer(32) [ 125 186 75 230 92 114 70 175 78 178 63 201 156 138 193 62 179 31 247 149 157 113 220 182 146 86 219 218 70 84 42 25 ]
[lib] >> ECPairFactory: privateKey: Buffer(32) [ 204 48 219 8 251 249 15 214 16 184 38 253 57 188 4 106 74 122 12 214 125 104 23 3 251 127 78 214 230 124 74 95 ]
[lib] >> ECPairFactory: sig: Uint8Array(64) [ 112 183 15 112 5 51 122 103 2 190 156 196 163 97 80 43 83 67 64 158 252 252 65 234 34 85 238 172 83 65 171 135 218 187 172 216 110 25 215 159 3 232 113 166 221 121 170 107 249 103 193 197 110 15 54 200 151 200 141 165 35 135 213 207 ]

[lib] >> hash: [125 186 75 230 92 114 70 175 78 178 63 201 156 138 193 62 179 31 247 149 157 113 220 182 146 86 219 218 70 84 42 25]
[lib] >> privKey [204 48 219 8 251 249 15 214 16 184 38 253 57 188 4 106 74 122 12 214 125 104 23 3 251 127 78 214 230 124 74 95]
len sig 64
[lib] >> returning default sig:  [197 188 244 161 140 202 134 81 210 76 232 173 112 198 180 166 13 202 135 74 12 174 1 180 22 87 105 85 106 65 29 255 125 173 139 183 230 55 202 218 169 190 20 119 183 182 158 121 155 209 247 183 170 184 90 221 61 91 110 105 190 34 171 84]



105 164 67 152 97 101 232 24 193 154 224 55 134 18 85 98 144 251 239 241 243 247 206 111 195 10 167 167 221 252 0 8 11 177 140 144 217 78 65 84 217 136 44 214 45 157 3 236 0 237 72 145 185 175 86 105 96 28 223 70 251 97 135 159

105 164 67 152 97 101 232 24 193 154 224 55 134 18 85 98 144 251 239 241 243 247 206 111 195 10 167 167 221 252 0 8 11 177 140 144 217 78 65 84 217 136 44 214 45 157 3 236 0 237 72 145 185 175 86 105 96 28 223 70 251 97 135 159










